AL, 12, 2005082318,   , BEST,   0, 231N,  751W,  30, 1008,   ,   0, NEQ,    0,    0,    0,    0, 1013,     ,  30,     ,    ,    ,    ,    ,299,   6,    TWELVE  ,   1,    1, 1, 1, 1, 1,     30.0,   30.0,   30.0,   30.0,    1.2996,   1.5957,   1.5957,   1.5957,   1.5957,  28.0258,  28.0258,  28.0258,  28.0258
AL, 12, 2005082400,   , BEST,   6, 234N,  757W,  30, 1007,   ,   0, NEQ,    0,    0,    0,    0, 1013,     ,  40,     ,    ,    ,    ,    ,299,   6,    TWELVE  ,   2,    1, 1, 1, 1, 1,     40.0,   40.0,   40.0,   40.0,    1.0830,   1.4219,   1.4219,   1.4219,   1.4219,  28.0258,  28.0258,  28.0258,  28.0258
AL, 12, 2005082406,   , BEST,  12, 238N,  762W,  30, 1007,   ,   0, NEQ,    0,    0,    0,    0, 1013,     ,  40,     ,    ,    ,    ,    ,311,   6,    TWELVE  ,   3,    1, 1, 1, 1, 1,     40.0,   40.0,   40.0,   40.0,    1.0911,   1.4366,   1.4366,   1.4366,   1.4366,  28.1298,  28.1298,  28.1298,  28.1298
AL, 12, 2005082412,   , BEST,  18, 245N,  765W,  35, 1006,   ,  34, NEQ,   60,   60,    0,    0, 1013,     ,  55,     ,    ,    ,    ,    ,339,   8,   KATRINA  ,   4,    1, 1, 1, 1, 1,     60.0,   60.0,   23.7,   23.7,    1.2826,   1.7877,   1.9244,   1.4895,   1.4895,  32.6839,  34.1580,  32.9429,  32.9429
AL, 12, 2005082418,   , BEST,  24, 254N,  769W,  40, 1003,   ,  34, NEQ,   60,   60,    0,    0, 1013,     ,  55,     ,    ,    ,    ,    ,338,  10,   KATRINA  ,   5,    1, 1, 1, 1, 1,     38.9,   37.9,   14.6,   14.6,    1.1610,   1.4436,   1.4365,   1.2650,   1.2650,  37.4605,  37.4605,  37.4605,  37.4605
AL, 12, 2005082500,   , BEST,  30, 260N,  777W,  45, 1000,   ,  34, NEQ,   60,   60,    0,    0, 1013,     ,  55,     ,    ,    ,    ,    ,310,   9,   KATRINA  ,   6,    1, 1, 1, 1, 1,     28.0,   32.6,   11.5,   19.1,    1.1857,   1.3682,   1.3989,   1.2597,   1.3099,  43.1641,  43.1641,  43.1641,  43.1641
AL, 12, 2005082506,   , BEST,  36, 261N,  784W,  50,  997,   ,  34, NEQ,   60,   60,    0,    0, 1013,     ,  30,     ,    ,    ,    ,    ,279,   6,   KATRINA  ,   7,    2, 1, 1, 1, 1,     24.2,   29.3,   16.0,   12.2,    1.3030,   1.4513,   1.4832,   1.4005,   1.3772,  50.1993,  50.1993,  50.1993,  50.1993
AL, 12, 2005082506,   , BEST,  36, 261N,  784W,  50,  997,   ,  50, NEQ,   15,    0,    0,    0, 1013,     ,  30,     ,    ,    ,    ,    ,279,   6,   KATRINA  ,   7,    2, 1, 0, 0, 0,     15.0,    0.0,    0.0,    0.0,    1.3030,   1.4208,   1.3453,   1.3453,   1.3453,  50.6905,  50.1993,  50.1993,  50.1993
AL, 12, 2005082512,   , BEST,  42, 262N,  790W,  55,  994,   ,  34, NEQ,   60,   60,   30,   50, 1013,     ,  15,     ,    ,    ,    ,    ,281,   5,   KATRINA  ,   8,    2, 1, 1, 1, 1,     21.5,   24.7,   12.7,   19.1,    1.3772,   1.5015,   1.5203,   1.4499,   1.4871,  56.2395,  56.2395,  56.2395,  56.2395
AL, 12, 2005082512,   , BEST,  42, 262N,  790W,  55,  994,   ,  50, NEQ,   20,   20,    0,    0, 1013,     ,  15,     ,    ,    ,    ,    ,281,   5,   KATRINA  ,   8,    2, 1, 1, 0, 0,     12.8,   20.0,    0.0,    0.0,    1.3772,   1.4508,   1.5521,   1.4127,   1.4219,  56.2395,  57.3971,  56.2395,  56.2395
AL, 12, 2005082518,   , BEST,  48, 262N,  796W,  60,  988,   ,  34, NEQ,   70,   70,   50,   60, 1013,     ,  15,     ,    ,    ,    ,    ,270,   5,   KATRINA  ,   9,    2, 1, 1, 1, 1,     20.4,   23.7,   17.1,   18.0,    1.2659,   1.3645,   1.3806,   1.3483,   1.3526,  61.8481,  61.8481,  61.8481,  61.8481
AL, 12, 2005082518,   , BEST,  48, 262N,  796W,  60,  988,   ,  50, NEQ,   25,   25,   20,   20, 1013,     ,  15,     ,    ,    ,    ,    ,270,   5,   KATRINA  ,   9,    2, 1, 1, 1, 1,     12.5,   16.1,   15.3,   11.0,    1.2659,   1.3260,   1.3433,   1.3396,   1.3184,  61.8481,  61.8481,  61.8481,  61.8481
AL, 12, 2005082600,   , BEST,  54, 259N,  803W,  70,  983,   ,  34, NEQ,   70,   70,   50,   40, 1013,     ,  10,     ,    ,    ,    ,    ,244,   7,   KATRINA  ,  10,    3, 1, 1, 1, 1,     18.9,   22.0,   14.6,    9.6,    1.4339,   1.5213,   1.5354,   1.5014,   1.4782,  72.1090,  72.1090,  72.1090,  72.1090
AL, 12, 2005082600,   , BEST,  54, 259N,  803W,  70,  983,   ,  50, NEQ,   20,   20,   20,   20, 1013,     ,  10,     ,    ,    ,    ,    ,244,   7,   KATRINA  ,  10,    3, 1, 1, 1, 1,      8.2,   10.1,   10.0,    8.2,    1.4339,   1.4714,   1.4801,   1.4800,   1.4713,  72.1090,  72.1090,  72.1090,  72.1090
AL, 12, 2005082600,   , BEST,  54, 259N,  803W,  70,  983,   ,  64, NEQ,   10,   10,   10,   10, 1013,     ,  10,     ,    ,    ,    ,    ,244,   7,   KATRINA  ,  10,    3, 1, 1, 1, 1,      6.8,   10.0,   10.0,    6.8,    1.4339,   1.4652,   1.6408,   1.5461,   1.4651,  72.1090,  75.9903,  73.7310,  72.1090
AL, 12, 2005082606,   , BEST,  60, 254N,  813W,  65,  987,   ,  34, NEQ,   75,   75,   40,   30, 1013,     ,  20,     ,    ,    ,    ,    ,241,  10,   KATRINA  ,  11,    2, 1, 1, 1, 1,     21.8,   27.4,   12.7,    7.2,    1.3430,   1.4461,   1.4732,   1.4029,   1.3765,  64.9670,  64.9670,  64.9670,  64.9670
AL, 12, 2005082606,   , BEST,  60, 254N,  813W,  65,  987,   ,  50, NEQ,   60,   60,   20,   20, 1013,     ,  20,     ,    ,    ,    ,    ,241,  10,   KATRINA  ,  11,    2, 1, 1, 1, 1,     30.6,   43.0,   13.0,    9.0,    1.3430,   1.4885,   1.5483,   1.4040,   1.3851,  64.9670,  64.9670,  64.9670,  64.9670
AL, 12, 2005082612,   , BEST,  66, 251N,  820W,  75,  979,   ,  34, NEQ,   75,   75,   45,   25, 1013,     ,  20,     ,    ,    ,    ,    ,245,   7,   KATRINA  ,  12,    3, 1, 1, 1, 1,     19.0,   21.6,   11.8,    5.2,    1.4670,   1.5476,   1.5591,   1.5168,   1.4891,  77.6450,  77.6450,  77.6450,  77.6450
AL, 12, 2005082612,   , BEST,  66, 251N,  820W,  75,  979,   ,  50, NEQ,   60,   60,   25,   20, 1013,     ,  20,     ,    ,    ,    ,    ,245,   7,   KATRINA  ,  12,    3, 1, 1, 1, 1,     24.6,   29.0,   11.1,    7.3,    1.4670,   1.5718,   1.5906,   1.5140,   1.4980,  77.6450,  77.6450,  77.6450,  77.6450
AL, 12, 2005082612,   , BEST,  66, 251N,  820W,  75,  979,   ,  64, NEQ,   20,   20,   10,   10, 1013,     ,  20,     ,    ,    ,    ,    ,245,   7,   KATRINA  ,  12,    3, 1, 1, 1, 1,     11.7,   15.5,    7.7,    5.7,    1.4670,   1.5164,   1.5329,   1.4994,   1.4911,  77.6450,  77.6450,  77.6450,  77.6450
AL, 12, 2005082618,   , BEST,  72, 249N,  826W,  85,  968,   ,  34, NEQ,   75,   75,   55,   35, 1013,     ,  15,     ,    ,    ,    ,    ,250,   6,   KATRINA  ,  13,    3, 1, 1, 1, 1,     15.5,   17.1,   11.9,    6.3,    1.4693,   1.5262,   1.5321,   1.5128,   1.4924,  89.3976,  89.3976,  89.3976,  89.3976
AL, 12, 2005082618,   , BEST,  72, 249N,  826W,  85,  968,   ,  50, NEQ,   60,   60,   35,   20, 1013,     ,  15,     ,    ,    ,    ,    ,250,   6,   KATRINA  ,  13,    3, 1, 1, 1, 1,     19.8,   22.3,   12.3,    6.0,    1.4693,   1.5420,   1.5510,   1.5144,   1.4910,  89.3976,  89.3976,  89.3976,  89.3976
AL, 12, 2005082618,   , BEST,  72, 249N,  826W,  85,  968,   ,  64, NEQ,   20,   20,   15,   10, 1013,     ,  15,     ,    ,    ,    ,    ,250,   6,   KATRINA  ,  13,    3, 1, 1, 1, 1,      8.9,   10.4,    7.8,    4.4,    1.4693,   1.5018,   1.5071,   1.4978,   1.4853,  89.3976,  89.3976,  89.3976,  89.3976
AL, 12, 2005082700,   , BEST,  78, 246N,  833W,  90,  959,   ,  34, NEQ,   90,   75,   75,   75, 1013,     ,  15,     ,    ,    ,    ,    ,245,   7,   KATRINA  ,  14,    3, 1, 1, 1, 1,     15.8,   14.1,   14.1,   12.5,    1.3624,   1.4128,   1.4071,   1.4071,   1.4022,  94.2997,  94.2997,  94.2997,  94.2997
AL, 12, 2005082700,   , BEST,  78, 246N,  833W,  90,  959,   ,  50, NEQ,   60,   60,   40,   30, 1013,     ,  15,     ,    ,    ,    ,    ,245,   7,   KATRINA  ,  14,    3, 1, 1, 1, 1,     16.6,   18.9,   12.0,    7.6,    1.3624,   1.4151,   1.4227,   1.4004,   1.3864,  94.2997,  94.2997,  94.2997,  94.2997
AL, 12, 2005082700,   , BEST,  78, 246N,  833W,  90,  959,   ,  64, NEQ,   25,   25,   20,   15, 1013,     ,  15,     ,    ,    ,    ,    ,245,   7,   KATRINA  ,  14,    3, 1, 1, 1, 1,      9.5,   11.2,    8.9,    5.6,    1.3624,   1.3926,   1.3981,   1.3906,   1.3800,  94.2997,  94.2997,  94.2997,  94.2997
AL, 12, 2005082706,   , BEST,  84, 244N,  840W,  95,  950,   ,  34, NEQ,  130,   90,   90,  130, 1013,     ,  10,     ,    ,    ,    ,    ,253,   7,   KATRINA  ,  15,    3, 1, 1, 1, 1,     21.9,   14.9,   15.1,   22.2,    1.3142,   1.3773,   1.3569,   1.3575,   1.3781, 100.0373, 100.0373, 100.0373, 100.0373
AL, 12, 2005082706,   , BEST,  84, 244N,  840W,  95,  950,   ,  50, NEQ,   60,   60,   45,   60, 1013,     ,  10,     ,    ,    ,    ,    ,253,   7,   KATRINA  ,  15,    3, 1, 1, 1, 1,     14.2,   16.0,   11.8,   14.4,    1.3142,   1.3550,   1.3603,   1.3479,   1.3556, 100.0373, 100.0373, 100.0373, 100.0373
AL, 12, 2005082706,   , BEST,  84, 244N,  840W,  95,  950,   ,  64, NEQ,   35,   30,   30,   25, 1013,     ,  10,     ,    ,    ,    ,    ,253,   7,   KATRINA  ,  15,    3, 1, 1, 1, 1,     11.7,   11.5,   11.7,    8.3,    1.3142,   1.3478,   1.3471,   1.3478,   1.3380, 100.0373, 100.0373, 100.0373, 100.0373
AL, 12, 2005082712,   , BEST,  90, 244N,  847W, 100,  942,   ,  34, NEQ,  130,   90,   90,  130, 1013,     ,  10,     ,    ,    ,    ,    ,270,   6,   KATRINA  ,  16,    3, 1, 1, 1, 1,     19.6,   13.0,   13.6,   20.3,    1.3031,   1.3560,   1.3382,   1.3398,   1.3580, 105.7512, 105.7512, 105.7512, 105.7512
AL, 12, 2005082712,   , BEST,  90, 244N,  847W, 100,  942,   ,  50, NEQ,   60,   60,   45,   60, 1013,     ,  10,     ,    ,    ,    ,    ,270,   6,   KATRINA  ,  16,    3, 1, 1, 1, 1,     12.7,   14.0,   10.6,   13.3,    1.3031,   1.3372,   1.3408,   1.3316,   1.3388, 105.7512, 105.7512, 105.7512, 105.7512
AL, 12, 2005082712,   , BEST,  90, 244N,  847W, 100,  942,   ,  64, NEQ,   35,   30,   30,   25, 1013,     ,  10,     ,    ,    ,    ,    ,270,   6,   KATRINA  ,  16,    3, 1, 1, 1, 1,     10.4,    9.9,   10.5,    7.6,    1.3031,   1.3311,   1.3296,   1.3313,   1.3236, 105.7512, 105.7512, 105.7512, 105.7512
AL, 12, 2005082718,   , BEST,  96, 245N,  853W, 100,  948,   ,  34, NEQ,  140,   90,   90,  130, 1013,     ,  30,     ,    ,    ,    ,    ,280,   6,   KATRINA  ,  17,    3, 1, 1, 1, 1,     25.9,   15.4,   16.2,   24.4,    1.4354,   1.5123,   1.4810,   1.4833,   1.5079, 106.1977, 106.1977, 106.1977, 106.1977
AL, 12, 2005082718,   , BEST,  96, 245N,  853W, 100,  948,   ,  50, NEQ,   70,   70,   60,   70, 1013,     ,  30,     ,    ,    ,    ,    ,280,   6,   KATRINA  ,  17,    3, 1, 1, 1, 1,     17.5,   18.8,   16.6,   18.4,    1.4354,   1.4873,   1.4912,   1.4848,   1.4900, 106.1977, 106.1977, 106.1977, 106.1977
AL, 12, 2005082718,   , BEST,  96, 245N,  853W, 100,  948,   ,  64, NEQ,   45,   35,   35,   35, 1013,     ,  30,     ,    ,    ,    ,    ,280,   6,   KATRINA  ,  17,    3, 1, 1, 1, 1,     15.2,   12.6,   13.5,   12.3,    1.4354,   1.4806,   1.4728,   1.4753,   1.4718, 106.1977, 106.1977, 106.1977, 106.1977
AL, 12, 2005082800,   , BEST, 102, 248N,  859W, 100,  941,   ,  34, NEQ,  140,  100,  100,  140, 1013,     ,  30,     ,    ,    ,    ,    ,299,   6,   KATRINA  ,  18,    3, 1, 1, 1, 1,     21.2,   14.2,   15.3,   22.8,    1.2870,   1.3445,   1.3252,   1.3284,   1.3488, 105.8315, 105.8315, 105.8315, 105.8315
AL, 12, 2005082800,   , BEST, 102, 248N,  859W, 100,  941,   ,  50, NEQ,   80,   80,   65,   80, 1013,     ,  30,     ,    ,    ,    ,    ,299,   6,   KATRINA  ,  18,    3, 1, 1, 1, 1,     17.5,   18.6,   16.0,   19.1,    1.2870,   1.3343,   1.3373,   1.3301,   1.3386, 105.8315, 105.8315, 105.8315, 105.8315
AL, 12, 2005082800,   , BEST, 102, 248N,  859W, 100,  941,   ,  64, NEQ,   60,   45,   45,   50, 1013,     ,  30,     ,    ,    ,    ,    ,299,   6,   KATRINA  ,  18,    3, 1, 1, 1, 1,     18.6,   14.5,   16.1,   16.7,    1.2870,   1.3373,   1.3260,   1.3305,   1.3321, 105.8315, 105.8315, 105.8315, 105.8315
AL, 12, 2005082806,   , BEST, 108, 252N,  867W, 125,  930,   ,  34, NEQ,  160,  160,  125,  140, 1013,     ,  25,     ,    ,    ,    ,    ,299,   8,   KATRINA  ,  19,    3, 1, 1, 1, 1,     32.4,   33.6,   25.7,   28.6,    1.7518,   1.8483,   1.8517,   1.8280,   1.8367, 132.5688, 132.5688, 132.5688, 132.5688
AL, 12, 2005082806,   , BEST, 108, 252N,  867W, 125,  930,   ,  50, NEQ,  100,  100,   75,  100, 1013,     ,  25,     ,    ,    ,    ,    ,299,   8,   KATRINA  ,  19,    3, 1, 1, 1, 1,     26.0,   27.1,   20.5,   27.5,    1.7518,   1.8291,   1.8323,   1.8128,   1.8335, 132.5688, 132.5688, 132.5688, 132.5688
AL, 12, 2005082806,   , BEST, 108, 252N,  867W, 125,  930,   ,  64, NEQ,   75,   75,   50,   75, 1013,     ,  25,     ,    ,    ,    ,    ,299,   8,   KATRINA  ,  19,    3, 1, 1, 1, 1,     24.4,   25.5,   17.4,   25.9,    1.7518,   1.8242,   1.8275,   1.8034,   1.8288, 132.5688, 132.5688, 132.5688, 132.5688
AL, 12, 2005082812,   , BEST, 114, 257N,  877W, 145,  909,   ,  34, NEQ,  180,  180,  125,  140, 1013,     ,  20,     ,    ,    ,    ,    ,299,  10,   KATRINA  ,  20,    3, 1, 1, 1, 1,     36.2,   37.3,   24.4,   27.2,    1.8829,   1.9843,   1.9874,   1.9512,   1.9591, 153.8501, 153.8501, 153.8501, 153.8501
AL, 12, 2005082812,   , BEST, 114, 257N,  877W, 145,  909,   ,  50, NEQ,  120,  120,   75,  100, 1013,     ,  20,     ,    ,    ,    ,    ,299,  10,   KATRINA  ,  20,    3, 1, 1, 1, 1,     30.2,   31.3,   19.0,   25.5,    1.8829,   1.9675,   1.9705,   1.9361,   1.9543, 153.8501, 153.8501, 153.8501, 153.8501
AL, 12, 2005082812,   , BEST, 114, 257N,  877W, 145,  909,   ,  64, NEQ,   90,   90,   50,   75, 1013,     ,  20,     ,    ,    ,    ,    ,299,  10,   KATRINA  ,  20,    3, 1, 1, 1, 1,     27.3,   28.4,   15.7,   23.5,    1.8829,   1.9595,   1.9625,   1.9268,   1.9486, 153.8501, 153.8501, 153.8501, 153.8501
AL, 12, 2005082818,   , BEST, 120, 263N,  886W, 150,  902,   ,  34, NEQ,  200,  180,  125,  180, 1013,     ,  20,     ,    ,    ,    ,    ,307,  10,   KATRINA  ,  21,    3, 1, 1, 1, 1,     40.9,   36.3,   23.8,   37.1,    1.8965,   2.0103,   1.9976,   1.9626,   1.9997, 159.5169, 159.5169, 159.5169, 159.5169
AL, 12, 2005082818,   , BEST, 120, 263N,  886W, 150,  902,   ,  50, NEQ,  120,  120,   75,  120, 1013,     ,  20,     ,    ,    ,    ,    ,307,  10,   KATRINA  ,  21,    3, 1, 1, 1, 1,     29.5,   30.3,   18.4,   31.0,    1.8965,   1.9786,   1.9808,   1.9476,   1.9828, 159.5169, 159.5169, 159.5169, 159.5169
AL, 12, 2005082818,   , BEST, 120, 263N,  886W, 150,  902,   ,  64, NEQ,   90,   90,   50,   90, 1013,     ,  20,     ,    ,    ,    ,    ,307,  10,   KATRINA  ,  21,    3, 1, 1, 1, 1,     26.6,   27.4,   15.1,   28.1,    1.8965,   1.9706,   1.9727,   1.9385,   1.9747, 159.5169, 159.5169, 159.5169, 159.5169
AL, 12, 2005082900,   , BEST, 126, 272N,  892W, 140,  905,   ,  34, NEQ,  200,  200,  150,  180, 1013,     ,  20,     ,    ,    ,    ,    ,329,  10,   KATRINA  ,  22,    3, 1, 1, 1, 1,     36.9,   37.1,   26.8,   33.9,    1.6831,   1.7844,   1.7850,   1.7564,   1.7763, 148.2271, 148.2271, 148.2271, 148.2271
AL, 12, 2005082900,   , BEST, 126, 272N,  892W, 140,  905,   ,  50, NEQ,  120,  120,   75,  100, 1013,     ,  20,     ,    ,    ,    ,    ,329,  10,   KATRINA  ,  22,    3, 1, 1, 1, 1,     27.3,   27.5,   16.9,   23.5,    1.6831,   1.7579,   1.7585,   1.7292,   1.7475, 148.2271, 148.2271, 148.2271, 148.2271
AL, 12, 2005082900,   , BEST, 126, 272N,  892W, 140,  905,   ,  64, NEQ,   90,   90,   60,   80, 1013,     ,  20,     ,    ,    ,    ,    ,329,  10,   KATRINA  ,  22,    3, 1, 1, 1, 1,     25.3,   25.5,   17.4,   23.9,    1.6831,   1.7524,   1.7529,   1.7308,   1.7486, 148.2271, 148.2271, 148.2271, 148.2271
AL, 12, 2005082906,   , BEST, 132, 282N,  896W, 125,  913,   ,  34, NEQ,  200,  200,  150,  150, 1013,     ,  20,     ,    ,    ,    ,    ,340,  11,   KATRINA  ,  23,    3, 1, 1, 1, 1,     32.8,   32.6,   23.6,   23.8,    1.4306,   1.5203,   1.5196,   1.4948,   1.4954, 131.5012, 131.5012, 131.5012, 131.5012
AL, 12, 2005082906,   , BEST, 132, 282N,  896W, 125,  913,   ,  50, NEQ,  120,  120,   75,  100, 1013,     ,  20,     ,    ,    ,    ,    ,340,  11,   KATRINA  ,  23,    3, 1, 1, 1, 1,     25.3,   25.1,   15.5,   22.2,    1.4306,   1.4996,   1.4990,   1.4728,   1.4912, 131.5012, 131.5012, 131.5012, 131.5012
AL, 12, 2005082906,   , BEST, 132, 282N,  896W, 125,  913,   ,  64, NEQ,   90,   90,   60,   70, 1013,     ,  20,     ,    ,    ,    ,    ,340,  11,   KATRINA  ,  23,    3, 1, 1, 1, 1,     24.5,   24.2,   16.9,   20.4,    1.4306,   1.4974,   1.4967,   1.4766,   1.4862, 131.5012, 131.5012, 131.5012, 131.5012
AL, 12, 2005082912,   , BEST, 138, 295N,  896W, 110,  923,   ,  34, NEQ,  200,  200,  150,  100, 1013,     ,  20,     ,    ,    ,    ,    ,  0,  13,   KATRINA  ,  24,    3, 1, 1, 1, 1,     30.1,   28.6,   20.9,   12.6,    1.1910,   1.2740,   1.2698,   1.2482,   1.2253, 113.8252, 113.8252, 113.8252, 113.8252
AL, 12, 2005082912,   , BEST, 138, 295N,  896W, 110,  923,   ,  50, NEQ,  120,  120,   75,   75, 1013,     ,  20,     ,    ,    ,    ,    ,  0,  13,   KATRINA  ,  24,    3, 1, 1, 1, 1,     24.7,   23.2,   14.6,   15.8,    1.1910,   1.2588,   1.2547,   1.2308,   1.2341, 113.8252, 113.8252, 113.8252, 113.8252
AL, 12, 2005082912,   , BEST, 138, 295N,  896W, 110,  923,   ,  64, NEQ,   90,   90,   60,   60, 1013,     ,  20,     ,    ,    ,    ,    ,  0,  13,   KATRINA  ,  24,    3, 1, 1, 1, 1,     25.4,   23.7,   17.1,   18.8,    1.1910,   1.2609,   1.2562,   1.2379,   1.2424, 113.8252, 113.8252, 113.8252, 113.8252
AL, 12, 2005082918,   , BEST, 144, 311N,  896W,  80,  948,   ,  34, NEQ,  100,  180,  100,  100, 1013,     ,  25,     ,    ,    ,    ,    ,  0,  16,   KATRINA  ,  25,    3, 1, 1, 1, 1,      9.7,   22.8,   11.6,   14.0,    0.8008,   0.8278,   0.8662,   0.8333,   0.8403,  79.3183,  79.3183,  79.3183,  79.3183
AL, 12, 2005082918,   , BEST, 144, 311N,  896W,  80,  948,   ,  50, NEQ,   75,  100,   75,   75, 1013,     ,  25,     ,    ,    ,    ,    ,  0,  16,   KATRINA  ,  25,    3, 1, 1, 1, 1,     16.0,   20.5,   20.1,   25.5,    0.8008,   0.8462,   0.8592,   0.8580,   0.8742,  79.3183,  79.3183,  79.3183,  79.3183
AL, 12, 2005082918,   , BEST, 144, 311N,  896W,  80,  948,   ,  64, NEQ,   50,   50,   30,   30, 1013,     ,  25,     ,    ,    ,    ,    ,  0,  16,   KATRINA  ,  25,    3, 1, 1, 1, 1,     20.3,   16.4,   16.0,   30.0,    0.8008,   0.8587,   0.8471,   0.8461,   0.8753,  79.3183,  79.3183,  79.3183,  78.7387
AL, 12, 2005083000,   , BEST, 150, 326N,  891W,  50,  961,   ,  34, NEQ,   75,   90,   90,   50, 1013,     ,  30,     ,    ,    ,    ,    , 16,  16,   KATRINA  ,  26,    2, 1, 1, 1, 1,     13.1,    7.4,   21.9,   48.5,    0.3387,   0.3724,   0.3564,   0.3986,   0.4950,  46.1404,  46.1404,  46.1404,  47.1615
AL, 12, 2005083000,   , BEST, 150, 326N,  891W,  50,  961,   ,  50, NEQ,   50,   60,    0,    0, 1013,     ,  30,     ,    ,    ,    ,    , 16,  16,   KATRINA  ,  26,    2, 1, 1, 0, 0,     50.0,   60.0,    0.0,    0.0,    0.3387,   0.5738,   0.5200,   0.4142,   0.4142,  51.7444,  46.5773,  46.1404,  46.1404
AL, 12, 2005083006,   , BEST, 156, 341N,  886W,  40,  978,   ,  34, NEQ,   75,   90,   75,   50, 1013,     ,  30,     ,    ,    ,    ,    , 16,  16,   KATRINA  ,  27,    1, 1, 1, 1, 1,     72.8,   28.9,   75.0,   50.0,    0.2902,   0.5329,   0.3956,   0.6516,   0.7061,  33.9381,  35.0365,  39.8526,  46.5193
AL, 12, 2005083012,   , BEST, 162, 356N,  880W,  30,  985,   ,   0, NEQ,    0,    0,    0,    0, 1013,     ,  30,     ,    ,    ,    ,    , 18,  16,   KATRINA  ,  28,    1, 1, 1, 1, 1,      4.1,    4.1,    4.1,    4.1,    0.1680,   0.1826,   0.1826,   0.1826,   0.1826,  23.8431,  23.8431,  23.8431,  23.8431
AL, 12, 2005083015,   , OFCL, 165, 363N,  875W,  30,  985,   ,  34, NEQ,    0,    0,    0,    0, 1013,     ,   0,     ,    ,    ,    ,    , 30,  16,  KATRINA   ,  29,    1, 1, 1, 1, 1,      4.1,    4.1,    4.1,    4.1,    0.1659,   0.3434,   0.3434,   0.3434,   0.3434,  23.6981,  23.6981,  23.6981,  23.6981
AL, 01, 2005083100,   , OFCL, 174, 385N,  850W,  30,  985,   ,  34, NEQ,    0,    0,    0,    0, 1013,     ,   0,     ,    ,    ,    ,    , 42,  20,  KATRINA   ,  30,    1, 1, 1, 1, 1,      4.1,    4.1,    4.1,    4.1,    0.1483,   0.3348,   0.3348,   0.3348,   0.3348,  22.4026,  22.4026,  22.4026,  22.4026
AL, 01, 2005083112,   , OFCL, 186, 420N,  805W,  30,  985,   ,  34, NEQ,    0,    0,    0,    0, 1013,     ,   0,     ,    ,    ,    ,    , 44,  25,  KATRINA   ,  31,    1, 1, 1, 1, 1,      4.1,    4.1,    4.1,    4.1,    0.1280,   0.3272,   0.3272,   0.3272,   0.3272,  20.8122,  20.8122,  20.8122,  20.8122
AL, 01, 2005090100,   , OFCL, 198, 455N,  745W,  30,  985,   ,  34, NEQ,    0,    0,    0,    0, 1013,     ,   0,     ,    ,    ,    ,    , 51,  28,  KATRINA   ,  32,    1, 1, 1, 1, 1,      4.1,    4.1,    4.1,    4.1,    0.1154,   0.1879,   0.1879,   0.1879,   0.1879,  19.7660,  19.7660,  19.7660,  19.7660
AL, 01, 2005090112,   , OFCL, 210, 500N,  710W,  30,  985,   ,  34, NEQ,    0,    0,    0,    0, 1013,     ,   0,     ,    ,    ,    ,    , 28,  25,  KATRINA   ,  33,    1, 1, 1, 1, 1,      4.1,    4.1,    4.1,    4.1,    0.1246,   0.2128,   0.2128,   0.2128,   0.2128,  20.5332,  20.5332,  20.5332,  20.5332
AL, 01, 2005090212,   , OFCL, 234, 555N,  670W,  30,  985,   ,  34, NEQ,    0,    0,    0,    0, 1013,     ,   0,     ,    ,    ,    ,    , 24,  15,  KATRINA   ,  34,    1, 1, 1, 1, 1,      4.1,    4.1,    4.1,    4.1,    0.1721,   0.4064,   0.4064,   0.4064,   0.4064,  24.1374,  24.1374,  24.1374,  24.1374
